1 0.8907082788953334 0.6201867539586182
2 0.928537944256859 0.7554475164269758
3 0.928030296857286 0.812487888590045
4 0.9239333006150758 0.8419927303419174
5 0.9202536434468036 0.859264879010194
6 0.9173835396794074 0.8702590927236654
7 0.9151915258380278 0.8776954461923574
8 0.9135067302282469 0.8829630154784965
9 0.9121938486663189 0.8868323629544278
10 0.9111550651980042 0.8897592612284988
11 0.9103209229354173 0.8920274869794719
12 0.9096418911741697 0.8938213162015366
13 0.9090822220618099 0.895264689244667
14 0.9086157373329578 0.8964434860151926
15 0.9082229774417264 0.8974187560449257
16 0.9078892657450072 0.8982348728533716
17 0.9076033802939925 0.8989247236050931
18 0.9073566304716587 0.8995131058103732
19 0.9071422060253098 0.9000190061402412
20 0.9069547116754838 0.9004571632132514
21 0.9067898298645465 0.9008391606078971
22 0.9066440731933172 0.9011742049574447
23 0.9065146004698679 0.9014696887986621
24 0.906399078453752 0.9017316036878531
25 0.9062955768250675 0.9019648474746006
26 0.9062024875892883 0.9021734556532384
27 0.9061184626489956 0.9023607775160126
28 0.9060423650199447 0.9025296116740754
29 0.9059732303933999 0.9026823113236228
30 0.9059102366148802 0.9028208667433263
31 0.9058526792717726 0.9029469704865671
32 0.9057999520328374 0.9030620692991896
33 0.9057515307120787 0.9031674057665455
34 0.9057069602725067 0.9032640519495425
35 0.9056658441662563 0.9033529367247419
36 0.905627835543298 0.903434868141016
37 0.9055926299636885 0.9035105518051211
38 0.9055599593265905 0.9035806060827757
39 0.9055295867893387 0.903645574730702
40 0.9055013024962864 0.9037059374443679
